Sample	Mineral	SiO2	P2O5	Pr2O3	SO3	Y2O3	CaO	Nd2O3	PbO	La2O3	Sm2O3	ThO2	Ce2O3	Gd2O3	UO2	SDUO2	SDPbO	SDThO2
P74-c7-1_s 	mnz	0,1044	33,83	3,59	0,0176	1,0496	0,9696	12,16	0,0383	13,88	2,03	4,29	27,81	1,63	0,2605	2,35	8,62	0,2
P74-c7-2_i	mnz	0,7597	32,68	3,86	0,0218	0,2453	0,5893	13,1	0,0388	13,9	1,74	5,54	28,36	1,18	0,0329	10,42	8,18	0,18
P74-c7-3_c	mnz	1,3735	31,11	3,43	0,0195	0	1,82	12,04	0,1483	10,99	1,53	13,83	24,59	0,6246	0,4308	1,38	2,4	0,1
P74-c6-1_i	mnz	0,4759	32,73	3,78	0,0131	0,2365	1,49	11,95	0,0826	12,47	1,86	8,72	26,12	1,2	0,2574	2,21	4,07	0,13
P74-c6-2_i	mnz	0,4003	32,7	3,74	0,0216	0,2796	1,45	11,88	0,083	12,69	1,88	8,13	26,38	1,23	0,2553	2,26	4,16	0,14
P74-c6-3_i	mnz	0,4023	32,81	3,9	0,017	0,2184	1,1128	12,71	0,0577	12,85	1,98	6,5	27,35	1,23	0,1838	3,04	5,81	0,16
P74-c6-4_c	mnz	0,5673	32,22	3,97	0,0164	0,0138	1,1919	13,06	0,0638	12,38	1,65	7,39	27,19	0,7364	0,2468	2,34	5,2	0,15
P74-c11-1_s 	mnz	0,3633	32,72	3,81	0,0115	1,0769	0,9272	11,6	0,0403	14,18	1,86	5,12	27,29	1,31	0,5435	1,23	8,02	0,18
P74-c11-2_i 	mnz	0,6146	32,32	3,96	0,0127	0,0076	1,1947	13,05	0,0649	12,48	1,5	8,02	27,42	0,629	0,2058	2,68	5,07	0,14
P74-c11-3_c 	mnz	0,962	32,04	3,92	0,0152	0,0145	1,65	12,91	0,1026	11,6	1,52	10,31	26,01	0,6972	0,2605	2,16	3,42	0,12
P74-c13-1_s 	mnz	0,2597	33,65	4,11	0,0199	0,0377	0,591	12,66	0,0108	15,29	1,76	2,89	30,34	0,7862	0,1498	3,97	24,75	0,26
P74-c13-2_i 	mnz	0,5293	32,81	3,92	0,0166	0,0326	0,9533	13,02	0,0501	13,65	1,57	6,3	28,43	0,6946	0,1999	2,85	6,55	0,16
P74-c13-3_s 	mnz	0,1427	33,77	3,79	0,0151	0,7341	0,9607	12,14	0,0439	13,98	2,05	4,47	27,97	1,67	0,24	2,53	7,69	0,2
P74-c13-4_i 	mnz	0,3369	33,28	3,73	0,0142	0,7376	0,9655	12,16	0,0507	14,1	1,81	5,28	27,91	1,44	0,1005	5,07	6,63	0,18
P74-c4-1_s	mnz	0,5377	32,98	3,91	0,0091	0	1,1217	12,83	0,0464	13,56	1,55	5,77	28,21	0,6743	0,246	2,41	6,94	0,17
P74-c4-2_s	mnz	0,2203	33,35	3,44	0,0156	2,26	1,41	10,93	0,0873	12,71	1,83	5,95	25,79	1,63	0,7847	0,9	4,14	0,17
P74-c4-3_i	mnz	0,6159	32,64	3,79	0,0185	0,462	1,0625	12,72	0,0474	12,8	1,9	6,77	26,98	1,44	0,0699	6,22	6,74	0,16
P74-c3-1_i	mnz	0,5754	32,94	4,07	0,0131	0	1,048	13,3	0,0685	12,78	1,69	6,84	28,03	0,7343	0,3074	1,98	5,02	0,15
P74-c3-2_s	mnz	0,2027	33,6	4	0,0111	0,1909	0,7603	12,77	0,0312	14,29	2,01	3,58	29,13	1,23	0,2823	2,23	10,46	0,23
P74-c3-3_s	mnz	0,1124	33,78	3,91	0,0149	2,6	0,4042	12,36	0,0268	13,95	1,98	1,26	28,71	1,53	0,4504	1,51	13,59	0,47
P74-c3-4_i	mnz	0,2394	33,45	3,86	0,0136	0,1096	0,8287	12,84	0,0328	14,11	2,04	3,96	28,83	1,2	0,3145	2,01	9,89	0,21
P74-c3-5_c	mnz	0,6907	32,44	3,83	0,0198	0	1,2552	12,91	0,087	12,47	1,72	8,35	27,06	0,7214	0,3957	1,57	3,98	0,14
P55-c6-1_c	mnz	0,1512	34,01	3,71	0,018	1,2108	0,9662	12,42	0,0511	13,1	2,38	3,81	27,31	2,03	0,6128	1,13	6,91	0,22
P55-c6-2_i	mnz	0,1731	34,13	3,69	0,0379	0,8608	1,1335	12,24	0,0561	12,96	2,27	4,85	26,9	2,02	0,4569	1,44	6,2	0,19
P55-c8-1_i/s	mnz	0,2233	33,95	3,81	0,0099	0,4432	1,2405	13,21	0,0552	12,33	2,51	5,51	26,95	1,78	0,4497	1,45	6,18	0,18
P55-c8-2_i/s	mnz	0,1649	33,31	3,57	0,0114	2,48	1,0288	11,21	0,0702	13,44	1,94	4,45	26,77	1,82	0,5845	1,16	5,13	0,2
P55-c8-3_i/s	mnz	0,1082	34,03	3,43	0,0095	3,02	0,8198	11,02	0,051	13,42	2,15	3,31	26,3	2,67	0,4351	1,53	7	0,24
P55-c14-1_s	mnz	0,1224	34,11	3,43	0,0216	2,13	1,0149	11,19	0,0521	13,35	2,15	4,34	26,3	2,64	0,3761	1,72	6,69	0,2
P55-c14-2_s 	mnz	0,2072	33,93	3,8	0,0111	0,4206	1,0645	12,93	0,0443	12,92	2,48	4,49	27,68	1,83	0,4698	1,42	7,62	0,2
P55-c14-3_i	mnz	0,1796	33,6	3,68	0,0069	0,2883	1,1967	12,56	0,0651	13,11	2,18	5,02	27,68	1,57	0,6019	1,12	5,38	0,19
P55-c13-1_i 	mnz	0,1367	33,9	3,49	0,0111	2,34	0,9002	11,34	0,0515	13,32	2,17	3,87	26,28	2,51	0,4023	1,63	6,83	0,22
P55-c13-2_i	mnz	0,1239	34,04	3,48	0,0115	2,17	0,9056	11,07	0,0418	13,7	2,1	3,82	26,52	2,47	0,4137	1,58	8,15	0,22
P55-c16-1_i	mnz	0,127	33,89	3,58	0,0218	1,44	1,1393	11,07	0,0683	13,82	1,73	4,83	27,32	1,56	0,5406	1,24	5,22	0,19
P55-c16-2_i	mnz	0,2948	33,31	3,62	0,0095	1,0078	1,0015	11,7	0,0692	13,71	1,97	4,72	27,53	1,7	0,7432	0,94	5,21	0,19
P55-c16-3_s	mnz	0,1083	33,95	3,55	0,0031	1,41	1,1319	11,12	0,0638	14,09	1,72	4,8	27,66	1,5	0,5219	1,27	5,53	0,19
P55-c10-1_s	mnz	0,1455	34,19	3,7	0,0233	0,526	1,3188	13,84	0,0441	11,57	2,98	4,92	26,27	2,3	0,394	1,65	7,54	0,19
P55-c10-2_s	mnz	0,2177	34,69	3,66	0,0206	0,455	0,883	11,64	0,0508	14,62	1,89	3,79	28,78	1,43	0,7335	0,96	7,01	0,22
P55-c10-3_i	mnz	0,1499	34,93	3,7	0,007	0,4969	1,1826	13,84	0,0457	11,75	2,97	4,98	26,51	2,26	0,4168	1,56	7,4	0,19
P55-c11a-1_s	mnz	0,1543	33,82	3,78	0,0161	1,0425	0,9766	11,88	0,0511	13,86	1,91	4,38	28,07	1,57	0,4115	1,58	6,79	0,2
P55-c11a-2_s	mnz	0,1634	33,85	3,65	0,0052	2,02	1,0217	11,58	0,0676	13,48	1,97	4,34	27,17	1,73	0,6149	1,12	5,33	0,2
P55-c11a-3_i/c	mnz	0,2621	33,64	3,72	0,0156	0,5844	0,9162	11,87	0,051	14,12	1,95	4,23	28,46	1,55	0,6307	1,09	6,82	0,21
P55-c11b-1_s	mnz	0,1624	34,65	3,5	0,0124	2,34	0,9811	11,54	0,0616	13,29	1,97	4,49	26,87	1,77	0,3775	1,7	5,81	0,2
P55-c11b-2_s	mnz	0,2946	33,48	3,67	0,0062	0,7816	0,9859	11,91	0,0684	13,67	2,1	4,21	27,64	1,71	0,8652	0,83	5,32	0,21
P55-c3-1_i	mnz	0,347	34,11	3,6	0,0119	1,2539	1,1052	12,49	0,0547	12,55	2,43	4,5	26,63	2,22	0,4833	1,37	6,39	0,2
P66-c8-1_i	mnz	0,3929	33,45	3,92	0,0107	0,2843	0,7445	13,26	0,0377	13,21	2,13	4,6	28,76	1,42	0,0851	5,95	8,71	0,2
P66-c8-2_s	mnz	0,1525	34	4,06	0,0038	1,1418	0,2367	13,04	0,0097	14,58	2,06	0,7047	30,03	1,45	0,3847	1,76	35,89	0,73
P66-c8-3_s	mnz	0,0991	34,25	4,01	0,0083	2,29	0,2072	12,51	0,0054	14,59	1,97	0,4813	29,41	1,45	0,4191	1,63	62,86	1,01
P66-c8-4_i	mnz	0,309	33,26	4,02	0,0043	0,2562	0,6419	13,18	0,0282	13,74	2,1	3,79	29,19	1,31	0,118	4,73	11,32	0,22
P66-c8-5_c	mnz	0,4322	33,04	3,94	0,0147	0,1807	0,8091	13,39	0,0485	12,96	2,04	5,2	28,73	1,29	0,0792	6,11	6,94	0,18
P66-c4-1_s	mnz	0,4318	33,24	3,92	0,0061	0,1088	0,7685	13,41	0,0396	13,2	1,91	4,86	29,13	1,0219	0,0661	7,05	8,1	0,19
P66-c4-2_i	mnz	0,4421	33,26	3,83	0,0029	0,1508	0,7602	12,96	0,0364	13,74	1,95	4,93	29,01	1,1381	0,0797	6,13	8,72	0,19
P66-c4-3_i	mnz	0,5075	32,99	3,96	0,0103	0,0851	0,8065	13,39	0,0394	13,07	1,88	5,41	28,89	0,9778	0,068	6,71	8,06	0,18
P66-c4-4_i	mnz	0,5052	33,18	3,96	0,011	0,0521	0,8041	13,32	0,0427	13,13	1,78	5,42	29,07	0,8002	0,0908	5,44	7,6	0,18
P66-c4-5_i	mnz	0,3082	33,58	4,04	0,005	0,1353	0,7437	12,99	0,0264	13,77	1,98	3,86	29,66	0,9514	0,1328	4,24	11,83	0,22
P66-c4-6_s	mnz	0,3154	33,46	3,99	0,0156	0,1152	0,729	13,07	0,0238	13,68	1,98	3,9	29,72	0,9739	0,1096	5	12,84	0,22
P66-c12-1_?	mnz	0,5688	32,89	3,81	0,0115	0,6917	0,7592	12,48	0,0447	13,68	1,98	5,3	28,15	1,46	0,1305	4,15	7,42	0,18
P66-c12-2_s	mnz	0,2478	33,43	3,65	0,0178	2,51	0,8213	11,49	0,0628	13,5	1,93	4,2	26,66	1,65	0,4929	1,35	5,73	0,21
P66-c12-3_i	mnz	0,5931	32,57	3,93	0,0049	0,4324	0,7295	13,01	0,0476	13,44	1,74	5,61	28,51	1,0054	0,1311	4,06	6,92	0,17
P66-c12-4_i	mnz	0,377	33,16	3,78	0,0149	0,2766	0,8511	12,14	0,0445	14,59	1,7	5,26	28,61	1,043	0,1553	3,56	7,39	0,18
P66-c12-5_i	mnz	0,2115	33,73	3,84	0,0016	0,189	0,8982	11,68	0,0336	15,22	1,85	4,16	28,86	1,1339	0,4251	1,54	9,7	0,21
P66-c12-6_c	mnz	0,6892	35,77	3,79	0,0065	0,2529	0,9271	12,98	0,0814	12,93	1,89	7,28	27,87	1,1424	0,083	5,49	4,47	0,15
